IVF2
Run 0: Recall = 0.906, Throughput = 38431.715
Run 1: Recall = 0.920, Throughput = 35516.349
Run 2: Recall = 0.930, Throughput = 35361.030
Run 3: Recall = 0.948, Throughput = 34935.464
Run 4: Recall = 0.906, Throughput = 37456.266
Run 5: Recall = 0.920, Throughput = 36564.431
Run 6: Recall = 0.948, Throughput = 35282.198
Run 7: Recall = 0.904, Throughput = 41598.195
Run 8: Recall = 0.904, Throughput = 48414.427
Run 9: Recall = 0.904, Throughput = 40827.597

YFCC
Filteredvamana R=96
  Ls         QPS     Avg dist cmps  Mean Latency (mus)   99.9 Latency   Recall@10
=================================================================================
  16    32374.30            126.58             1970.65       16375.54       17.84
  32    21765.80            188.57             2936.90       15690.63       24.49
  64    15942.09            285.12             4009.41       26114.79       30.86
 128    10750.16            438.68             5944.20       21092.33       36.34
 256     6497.94            700.94             9841.38       43983.93       40.80
 512     3711.58           1149.64            17221.56       70648.98       43.99
1024     2003.64           1933.98            31902.06      134288.83       46.06

Stitchvamana R=64
  Ls         QPS     Avg dist cmps  Mean Latency (mus)   99.9 Latency   Recall@10
=================================================================================
  16    31280.96            233.16             2039.55       16058.93       44.97
  32    21266.34            329.05             3004.00       18669.98       52.77
  64    16516.96            487.53             3870.26       27538.51       58.42
 128    10869.67            759.86             5881.83       27858.98       62.30
 256     6663.19           1232.49             9598.92       28448.54       64.85
 512     3690.34           2058.21            17329.50       57946.36       66.52
1024     1965.71           3503.46            32532.11      101853.38       67.58


Zero Redundancy IVF-CAGRA
Graph Degree 16
topk 10
Query Distribution:
- Single: 61626 queries (61.6%)
- Double: 38374 queries (38.4%)
- Total: 100000 queries
Single_itopk_size    Double_itopk_size    Single_QPS    Double_QPS    Overall_QPS    Single_Recall    Double_Recall    Overall_Recall
=======================================================================================================================================
              32                   32      4.26e+06      2.76e+06       3.53e+06            0.907            0.766             0.853
              32                   36      4.27e+06      2.60e+06       3.43e+06            0.907            0.803             0.867
              32                   40      4.27e+06      2.32e+06       3.23e+06            0.907            0.816             0.872
              32                   44      4.27e+06      2.08e+06       3.04e+06            0.907            0.825             0.876
              32                   48      4.28e+06      2.02e+06       2.99e+06            0.907            0.834             0.879
              32                   64      4.28e+06      1.57e+06       2.57e+06            0.907            0.862             0.890
              36                   32      3.50e+06      3.08e+06       3.33e+06            0.923            0.766             0.862
              36                   36      3.50e+06      2.53e+06       3.05e+06            0.923            0.803             0.877
              36                   40      3.49e+06      2.30e+06       2.91e+06            0.923            0.816             0.882
              36                   44      3.50e+06      2.17e+06       2.83e+06            0.923            0.825             0.885
              36                   48      3.50e+06      1.99e+06       2.71e+06            0.923            0.834             0.888
              36                   64      3.50e+06      1.59e+06       2.40e+06            0.923            0.862             0.899
              40                   32      3.16e+06      2.99e+06       3.09e+06            0.934            0.766             0.870
              40                   36      3.16e+06      2.53e+06       2.89e+06            0.934            0.803             0.884
              40                   40      3.16e+06      2.32e+06       2.77e+06            0.934            0.816             0.889
              40                   44      3.16e+06      2.10e+06       2.65e+06            0.934            0.825             0.892
              40                   48      3.16e+06      1.89e+06       2.51e+06            0.934            0.834             0.895
              40                   64      3.16e+06      1.57e+06       2.27e+06            0.934            0.862             0.906
              44                   32      2.93e+06      3.06e+06       2.98e+06            0.942            0.766             0.874
              44                   36      2.93e+06      2.57e+06       2.78e+06            0.942            0.803             0.888
              44                   40      2.93e+06      2.30e+06       2.65e+06            0.942            0.816             0.893
              44                   44      2.93e+06      2.15e+06       2.57e+06            0.942            0.825             0.897
              44                   48      2.93e+06      2.01e+06       2.49e+06            0.942            0.834             0.900
              44                   64      2.93e+06      1.58e+06       2.21e+06            0.942            0.862             0.911
              48                   32      2.74e+06      2.98e+06       2.83e+06            0.948            0.766             0.878
              48                   36      2.73e+06      2.57e+06       2.67e+06            0.948            0.803             0.892
              48                   40      2.74e+06      2.33e+06       2.56e+06            0.948            0.816             0.897
              48                   44      2.74e+06      2.15e+06       2.48e+06            0.948            0.825             0.900
              48                   48      2.74e+06      2.05e+06       2.43e+06            0.948            0.834             0.904
              48                   64      2.74e+06      1.58e+06       2.14e+06            0.948            0.862             0.915
              64                   32      2.18e+06      3.07e+06       2.46e+06            0.964            0.766             0.888
              64                   36      2.18e+06      2.56e+06       2.31e+06            0.964            0.803             0.902
              64                   40      2.18e+06      2.30e+06       2.23e+06            0.964            0.816             0.907
              64                   44      2.18e+06      2.14e+06       2.17e+06            0.964            0.825             0.911
              64                   48      2.18e+06      2.00e+06       2.11e+06            0.964            0.834             0.914
              64                   64      2.19e+06      1.58e+06       1.91e+06            0.964            0.862             0.925


Zero Redundancy IVF-CAGRA + IVF Filtered Search (low-specificity single label queries)
Graph Degree 16
topk 10
Query Statistics (spec = 2000):
  CAGRA Single Label:     52911 queries
  CAGRA Double Label:     38374 queries
  IVF:                     8715 queries
  Total:               1.00e+05 queries

    Spec  S_itopk  D_itopk   Single_QPS   Double_QPS      IVF_QPS  Overall_QPS  Single_R  Double_R     IVF_R Overall_R
======================================================================================================================
    1000       32       32     4.18e+06     3.09e+06     4.36e+07     3.94e+06     0.894     0.766     0.997     0.853
    1000       32       36     4.18e+06     2.61e+06     4.37e+07     3.61e+06     0.894     0.803     0.997     0.867
    1000       32       40     4.18e+06     2.36e+06     4.37e+07     3.42e+06     0.894     0.816     0.997     0.872
    1000       32       44     4.18e+06     2.20e+06     4.37e+07     3.28e+06     0.894     0.825     0.997     0.876
    1000       32       48     4.17e+06     2.05e+06     4.37e+07     3.16e+06     0.894     0.834     0.997     0.879
    1000       32       64     4.18e+06     1.60e+06     4.37e+07     2.70e+06     0.894     0.862     0.997     0.890
    1000       36       32     3.41e+06     3.09e+06     4.37e+07     3.53e+06     0.911     0.766     0.997     0.862
    1000       36       36     3.41e+06     2.61e+06     4.37e+07     3.27e+06     0.911     0.803     0.997     0.877
    1000       36       40     3.41e+06     2.36e+06     4.37e+07     3.11e+06     0.911     0.816     0.997     0.882
    1000       36       44     3.41e+06     2.20e+06     4.37e+07     3.00e+06     0.911     0.825     0.997     0.885
    1000       36       48     3.41e+06     2.05e+06     4.37e+07     2.89e+06     0.911     0.834     0.997     0.888
    1000       36       64     3.41e+06     1.60e+06     4.37e+07     2.51e+06     0.911     0.862     0.997     0.899
    1000       40       32     3.08e+06     3.09e+06     4.37e+07     3.34e+06     0.925     0.766     0.997     0.870
    1000       40       36     3.08e+06     2.61e+06     4.37e+07     3.10e+06     0.925     0.803     0.997     0.884
    1000       40       40     3.08e+06     2.36e+06     4.38e+07     2.96e+06     0.925     0.816     0.997     0.889
    1000       40       44     3.08e+06     2.20e+06     4.37e+07     2.86e+06     0.925     0.825     0.997     0.892
    1000       40       48     3.08e+06     2.05e+06     4.38e+07     2.76e+06     0.925     0.834     0.997     0.895
    1000       40       64     3.08e+06     1.60e+06     4.37e+07     2.41e+06     0.925     0.862     0.997     0.906
    1000       44       32     2.86e+06     3.09e+06     4.37e+07     3.20e+06     0.933     0.766     0.997     0.874
    1000       44       36     2.86e+06     2.61e+06     4.36e+07     2.98e+06     0.933     0.803     0.997     0.888
    1000       44       40     2.86e+06     2.36e+06     4.37e+07     2.85e+06     0.933     0.816     0.997     0.893
    1000       44       44     2.86e+06     2.20e+06     4.37e+07     2.75e+06     0.933     0.825     0.997     0.897
    1000       44       48     2.86e+06     2.05e+06     4.37e+07     2.66e+06     0.933     0.834     0.997     0.900
    1000       44       64     2.87e+06     1.60e+06     4.37e+07     2.33e+06     0.933     0.862     0.997     0.911
    1000       48       32     2.67e+06     3.09e+06     4.37e+07     3.07e+06     0.940     0.766     0.997     0.878
    1000       48       36     2.67e+06     2.61e+06     4.37e+07     2.86e+06     0.940     0.803     0.997     0.892
    1000       48       40     2.67e+06     2.36e+06     4.37e+07     2.74e+06     0.940     0.816     0.997     0.897
    1000       48       44     2.67e+06     2.20e+06     4.36e+07     2.65e+06     0.940     0.825     0.997     0.900
    1000       48       48     2.67e+06     2.05e+06     4.37e+07     2.57e+06     0.940     0.834     0.997     0.904
    1000       48       64     2.67e+06     1.60e+06     4.37e+07     2.26e+06     0.940     0.862     0.997     0.915
    1000       64       32     2.13e+06     3.09e+06     4.37e+07     2.65e+06     0.959     0.766     0.997     0.888
    1000       64       36     2.13e+06     2.61e+06     4.37e+07     2.50e+06     0.959     0.803     0.997     0.902
    1000       64       40     2.13e+06     2.36e+06     4.37e+07     2.40e+06     0.959     0.816     0.997     0.907
    1000       64       44     2.13e+06     2.20e+06     4.35e+07     2.34e+06     0.959     0.825     0.997     0.911
    1000       64       48     2.13e+06     2.05e+06     4.37e+07     2.27e+06     0.959     0.834     0.997     0.914
    1000       64       64     2.13e+06     1.60e+06     4.36e+07     2.02e+06     0.959     0.862     0.997     0.925
    2000       32       32     4.17e+06     3.09e+06     2.60e+07     3.93e+06     0.892     0.766     0.997     0.853
    2000       32       36     4.17e+06     2.61e+06     2.61e+07     3.61e+06     0.892     0.803     0.997     0.867
    2000       32       40     4.17e+06     2.36e+06     2.61e+07     3.42e+06     0.892     0.816     0.997     0.872
    2000       32       44     4.17e+06     2.20e+06     2.61e+07     3.16e+06     0.892     0.825     0.997     0.876
    2000       32       48     4.17e+06     2.05e+06     2.61e+07     3.15e+06     0.892     0.834     0.997     0.879
    2000       32       64     4.17e+06     1.60e+06     2.60e+07     2.70e+06     0.892     0.862     0.997     0.890
    2000       36       32     3.41e+06     3.09e+06     2.61e+07     3.54e+06     0.910     0.766     0.997     0.862
    2000       36       36     3.41e+06     2.61e+06     2.61e+07     3.27e+06     0.910     0.803     0.997     0.877
    2000       36       40     3.41e+06     2.36e+06     2.61e+07     3.12e+06     0.910     0.816     0.997     0.882
    2000       36       44     3.41e+06     2.20e+06     2.60e+07     3.00e+06     0.910     0.825     0.997     0.885
    2000       36       48     3.41e+06     2.05e+06     2.61e+07     2.90e+06     0.910     0.834     0.997     0.888
    2000       36       64     3.41e+06     1.60e+06     2.61e+07     2.43e+06     0.910     0.862     0.997     0.899
    2000       40       32     3.08e+06     3.09e+06     2.60e+07     3.34e+06     0.924     0.766     0.997     0.870
    2000       40       36     3.08e+06     2.61e+06     2.60e+07     3.10e+06     0.924     0.803     0.997     0.884
    2000       40       40     3.08e+06     2.36e+06     2.61e+07     2.96e+06     0.924     0.816     0.997     0.889
    2000       40       44     3.08e+06     2.20e+06     2.60e+07     2.86e+06     0.924     0.825     0.997     0.892
    2000       40       48     3.08e+06     2.05e+06     2.61e+07     2.76e+06     0.924     0.834     0.997     0.895
    2000       40       64     3.08e+06     1.60e+06     2.60e+07     2.41e+06     0.924     0.862     0.997     0.906
    2000       44       32     2.86e+06     3.09e+06     2.61e+07     3.20e+06     0.932     0.766     0.997     0.874
    2000       44       36     2.86e+06     2.60e+06     2.60e+07     2.98e+06     0.932     0.803     0.997     0.888
    2000       44       40     2.86e+06     2.36e+06     2.60e+07     2.85e+06     0.932     0.816     0.997     0.893
    2000       44       44     2.86e+06     2.20e+06     2.61e+07     2.76e+06     0.932     0.825     0.997     0.897
    2000       44       48     2.86e+06     2.05e+06     2.61e+07     2.67e+06     0.932     0.834     0.997     0.900
    2000       44       64     2.86e+06     1.60e+06     2.60e+07     2.33e+06     0.932     0.862     0.997     0.911
    2000       48       32     2.67e+06     3.09e+06     2.61e+07     3.07e+06     0.939     0.766     0.997     0.878
    2000       48       36     2.67e+06     2.61e+06     2.60e+07     2.87e+06     0.939     0.803     0.997     0.892
    2000       48       40     2.67e+06     2.36e+06     2.61e+07     2.75e+06     0.939     0.816     0.997     0.897
    2000       48       44     2.67e+06     2.20e+06     2.61e+07     2.66e+06     0.939     0.825     0.997     0.900
    2000       48       48     2.67e+06     2.05e+06     2.61e+07     2.58e+06     0.939     0.834     0.997     0.904
    2000       48       64     2.61e+06     1.59e+06     2.60e+07     2.26e+06     0.939     0.862     0.997     0.915
    2000       64       32     2.13e+06     3.09e+06     2.61e+07     2.66e+06     0.959     0.766     0.997     0.888
    2000       64       36     2.13e+06     2.61e+06     2.61e+07     2.50e+06     0.959     0.803     0.997     0.902
    2000       64       40     2.13e+06     2.36e+06     2.61e+07     2.41e+06     0.959     0.816     0.997     0.907
    2000       64       44     2.12e+06     2.20e+06     2.60e+07     2.34e+06     0.959     0.825     0.997     0.911
    2000       64       48     2.13e+06     2.05e+06     2.60e+07     2.28e+06     0.959     0.834     0.997     0.914
    2000       64       64     2.12e+06     1.60e+06     2.60e+07     2.03e+06     0.959     0.862     0.997     0.925
    3000       32       32     4.17e+06     3.09e+06     1.69e+07     3.92e+06     0.891     0.766     0.997     0.853
    3000       32       36     4.17e+06     2.61e+06     1.69e+07     3.59e+06     0.891     0.803     0.997     0.867
    3000       32       40     4.17e+06     2.36e+06     1.69e+07     3.41e+06     0.891     0.816     0.997     0.872
    3000       32       44     4.17e+06     2.20e+06     1.69e+07     3.27e+06     0.891     0.825     0.997     0.876
    3000       32       48     4.17e+06     2.05e+06     1.69e+07     3.15e+06     0.891     0.834     0.997     0.879
    3000       32       64     4.17e+06     1.60e+06     1.69e+07     2.69e+06     0.891     0.862     0.997     0.890
    3000       36       32     3.41e+06     3.09e+06     1.69e+07     3.53e+06     0.909     0.766     0.997     0.863
    3000       36       36     3.41e+06     2.61e+06     1.69e+07     3.26e+06     0.909     0.803     0.997     0.877
    3000       36       40     3.41e+06     2.36e+06     1.69e+07     3.11e+06     0.909     0.816     0.997     0.882
    3000       36       44     3.41e+06     2.20e+06     1.69e+07     2.96e+06     0.909     0.825     0.997     0.885
    3000       36       48     3.41e+06     2.05e+06     1.69e+07     2.89e+06     0.909     0.834     0.997     0.888
    3000       36       64     3.41e+06     1.60e+06     1.68e+07     2.50e+06     0.909     0.862     0.997     0.899
    3000       40       32     3.08e+06     3.09e+06     1.69e+07     3.34e+06     0.923     0.766     0.997     0.870
    3000       40       36     3.08e+06     2.61e+06     1.69e+07     3.10e+06     0.923     0.803     0.997     0.884
    3000       40       40     3.08e+06     2.35e+06     1.69e+07     2.96e+06     0.923     0.816     0.997     0.889
    3000       40       44     3.08e+06     2.20e+06     1.69e+07     2.86e+06     0.923     0.825     0.997     0.892
    3000       40       48     3.08e+06     2.05e+06     1.69e+07     2.75e+06     0.923     0.834     0.997     0.895
    3000       40       64     3.08e+06     1.60e+06     1.69e+07     2.41e+06     0.923     0.862     0.997     0.906
    3000       44       32     2.86e+06     3.09e+06     1.69e+07     3.20e+06     0.932     0.766     0.997     0.874
    3000       44       36     2.86e+06     2.61e+06     1.69e+07     2.98e+06     0.932     0.803     0.997     0.888
    3000       44       40     2.86e+06     2.36e+06     1.69e+07     2.85e+06     0.932     0.816     0.997     0.893
    3000       44       44     2.86e+06     2.20e+06     1.69e+07     2.75e+06     0.932     0.825     0.997     0.897
    3000       44       48     2.86e+06     2.05e+06     1.69e+07     2.66e+06     0.932     0.834     0.997     0.900
    3000       44       64     2.86e+06     1.60e+06     1.69e+07     2.33e+06     0.932     0.862     0.997     0.911
    3000       48       32     2.67e+06     3.09e+06     1.69e+07     3.07e+06     0.939     0.766     0.997     0.878
    3000       48       36     2.67e+06     2.61e+06     1.69e+07     2.87e+06     0.939     0.803     0.997     0.892
    3000       48       40     2.67e+06     2.36e+06     1.69e+07     2.75e+06     0.939     0.816     0.997     0.897
    3000       48       44     2.67e+06     2.20e+06     1.69e+07     2.66e+06     0.939     0.825     0.997     0.900
    3000       48       48     2.67e+06     2.05e+06     1.69e+07     2.58e+06     0.939     0.834     0.997     0.904
    3000       48       64     2.67e+06     1.60e+06     1.69e+07     2.26e+06     0.939     0.862     0.997     0.915
    3000       64       32     2.12e+06     3.09e+06     1.69e+07     2.66e+06     0.958     0.766     0.997     0.888
    3000       64       36     2.12e+06     2.61e+06     1.69e+07     2.50e+06     0.958     0.803     0.997     0.902
    3000       64       40     2.12e+06     2.36e+06     1.69e+07     2.41e+06     0.958     0.816     0.997     0.907
    3000       64       44     2.12e+06     2.20e+06     1.69e+07     2.34e+06     0.958     0.825     0.997     0.911
    3000       64       48     2.12e+06     2.05e+06     1.69e+07     2.28e+06     0.958     0.834     0.997     0.914
    3000       64       64     2.12e+06     1.60e+06     1.69e+07     2.03e+06     0.958     0.862     0.997     0.925
    5000       32       32     4.16e+06     3.09e+06     9.77e+06     3.87e+06     0.890     0.766     0.998     0.853
    5000       32       36     4.16e+06     2.60e+06     9.78e+06     3.55e+06     0.890     0.803     0.998     0.868
    5000       32       40     4.16e+06     2.36e+06     9.78e+06     3.37e+06     0.890     0.816     0.998     0.873
    5000       32       44     4.16e+06     2.19e+06     9.77e+06     3.23e+06     0.890     0.825     0.998     0.876
    5000       32       48     4.16e+06     2.05e+06     9.77e+06     3.11e+06     0.890     0.834     0.998     0.879
    5000       32       64     4.16e+06     1.59e+06     9.77e+06     2.67e+06     0.890     0.862     0.998     0.890
    5000       36       32     3.40e+06     3.09e+06     9.77e+06     3.50e+06     0.908     0.766     0.998     0.863
    5000       36       36     3.40e+06     2.60e+06     9.77e+06     3.23e+06     0.908     0.803     0.998     0.877
    5000       36       40     3.40e+06     2.36e+06     9.77e+06     3.08e+06     0.908     0.816     0.998     0.882
    5000       36       44     3.40e+06     2.19e+06     9.78e+06     2.95e+06     0.908     0.825     0.998     0.885
    5000       36       48     3.40e+06     2.05e+06     9.78e+06     2.87e+06     0.908     0.834     0.998     0.888
    5000       36       64     3.40e+06     1.59e+06     9.78e+06     2.48e+06     0.908     0.862     0.998     0.899
    5000       40       32     3.08e+06     3.09e+06     9.77e+06     3.31e+06     0.922     0.766     0.998     0.870
    5000       40       36     3.08e+06     2.60e+06     9.77e+06     3.08e+06     0.922     0.803     0.998     0.884
    5000       40       40     3.08e+06     2.36e+06     9.78e+06     2.94e+06     0.922     0.816     0.998     0.889
    5000       40       44     3.08e+06     2.19e+06     9.78e+06     2.84e+06     0.922     0.825     0.998     0.892
    5000       40       48     3.08e+06     2.05e+06     9.77e+06     2.74e+06     0.922     0.834     0.998     0.896
    5000       40       64     3.08e+06     1.59e+06     9.78e+06     2.39e+06     0.922     0.862     0.998     0.907
    5000       44       32     2.86e+06     3.09e+06     9.78e+06     3.18e+06     0.931     0.766     0.998     0.874
    5000       44       36     2.86e+06     2.60e+06     9.78e+06     2.96e+06     0.931     0.803     0.998     0.888
    5000       44       40     2.86e+06     2.36e+06     9.78e+06     2.83e+06     0.931     0.816     0.998     0.893
    5000       44       44     2.86e+06     2.19e+06     9.77e+06     2.74e+06     0.931     0.825     0.998     0.897
    5000       44       48     2.86e+06     2.05e+06     9.77e+06     2.63e+06     0.931     0.834     0.998     0.900
    5000       44       64     2.86e+06     1.59e+06     9.77e+06     2.32e+06     0.931     0.862     0.998     0.911
    5000       48       32     2.67e+06     3.09e+06     9.78e+06     3.00e+06     0.938     0.766     0.998     0.878
    5000       48       36     2.67e+06     2.60e+06     9.77e+06     2.85e+06     0.938     0.803     0.998     0.892
    5000       48       40     2.67e+06     2.36e+06     9.78e+06     2.73e+06     0.938     0.816     0.998     0.897
    5000       48       44     2.67e+06     2.19e+06     9.78e+06     2.64e+06     0.938     0.825     0.998     0.901
    5000       48       48     2.67e+06     2.05e+06     9.77e+06     2.56e+06     0.938     0.834     0.998     0.904
    5000       48       64     2.67e+06     1.59e+06     9.74e+06     2.25e+06     0.938     0.862     0.998     0.915
    5000       64       32     2.12e+06     3.09e+06     9.78e+06     2.65e+06     0.958     0.766     0.998     0.888
    5000       64       36     2.12e+06     2.60e+06     9.78e+06     2.50e+06     0.958     0.803     0.998     0.902
    5000       64       40     2.12e+06     2.36e+06     9.77e+06     2.41e+06     0.958     0.816     0.998     0.907
    5000       64       44     2.12e+06     2.19e+06     9.77e+06     2.34e+06     0.958     0.825     0.998     0.911
    5000       64       48     2.12e+06     2.05e+06     9.78e+06     2.27e+06     0.958     0.834     0.998     0.914
    5000       64       64     2.12e+06     1.59e+06     9.77e+06     2.02e+06     0.958     0.862     0.998     0.925

CAGRA inline-filter
Graph Degree 16
topk 10
itopk_size    QPS          Recall
==================================
      512    2.27e+05      0.56
     1024    1.17e+05      0.63
     2048    6.03e+04      0.70
     4096    3.10e+04      0.76

Synthetic dataset
SIFT-1M
Filteredvamana R=96
  Ls         QPS     Avg dist cmps  Mean Latency (mus)   99.9 Latency   Recall@10
=================================================================================
  10    36852.24            103.54             1705.62       21328.96       13.46
  16    34645.52            136.05             1838.34        4128.37       17.19
  32    24089.34            209.59             2639.42        6271.40       23.83
  64    13621.47            333.14             4669.02       22930.95       31.61
 128     8994.33            539.06             7083.15       30732.03       39.58
 256     5299.78            882.78            11990.76       45606.88       46.94
 512     2939.67           1475.71            21641.02       75313.91       53.70
1024     1608.81           2485.12            39596.68       99299.58       59.14

Stitchvamana R=64
  Ls         QPS     Avg dist cmps  Mean Latency (mus)   99.9 Latency   Recall@10
=================================================================================
  10    34531.01            268.98             1821.74       31170.87       64.69
  16    32149.80            341.80             1982.15        4583.47       76.63
  32    23408.20            493.21             2712.89       15601.74       89.37
  64    15798.99            743.97             4028.74        7733.35       96.02
 128     8963.55           1166.08             7019.90       12855.38       98.75
 256     5641.99           1860.12            11292.58       28675.82       99.67
 512     3093.83           2965.88            20599.77       53638.11       99.92
1024     1685.16           4679.25            37853.65       96697.17       99.97

Zero Redundancy IVF-CAGRA
Graph Degree 16
itopk_size    topk         QPS    Recall
=================================================
        8       1    1.34e+07      0.61
       10       1    1.06e+07      0.74
       12       1    9.41e+06      0.79
       14       1    8.45e+06      0.83
       16       1    7.86e+06      0.86
       18       1    6.62e+06      0.88
       20       1    6.34e+06      0.90
       22       1    5.83e+06      0.92
       24       1    5.55e+06      0.93
       26       1    4.78e+06      0.94
       28       1    4.69e+06      0.95
       30       1    4.52e+06      0.95
       32       1    4.35e+06      0.96
        8      10    1.31e+07      0.52
       12      10    9.27e+06      0.71
       16      10    7.90e+06      0.79
       24      10    5.70e+06      0.88
       32      10    4.43e+06      0.93
       40      10    3.32e+06      0.95
       48      10    2.83e+06      0.97
       56      10    2.58e+06      0.98
       64      10    2.26e+06      0.98
      100     100    1.39e+06      0.96
      104     100    1.39e+06      0.96
      108     100    1.33e+06      0.96
      112     100    1.25e+06      0.97
      116     100    1.24e+06      0.97
      120     100    1.23e+06      0.97
      128     100    1.23e+06      0.97
      256     100    5.56e+05      0.99

CAGRA inline-filter
Graph Degree 16
itopk_size    topk         QPS    Recall
=================================================
       32       1    2.72e+06      0.63
       64       1    1.55e+06      0.80
       80       1    1.12e+06      0.87
       96       1    1.14e+06      0.87
      112       1    8.57e+05      0.91
      120       1    8.87e+05      0.91
      128       1    8.37e+05      0.92
      144       1    7.24e+05      0.94
      160       1    7.30e+05      0.94
      128      10    8.08e+05      0.62
      160      10    7.02e+05      0.69
      192      10    6.12e+05      0.75
      224      10    5.31e+05      0.79
      256      10    4.74e+05      0.83
      288      10    4.28e+05      0.85
      320      10    3.91e+05      0.87
      352      10    3.59e+05      0.89
      512      10    2.54e+05      0.94
     1024      10    1.35e+05      0.99
     2048      10    7.13e+04      1.00
      512     100    2.51e+05      0.39
     1024     100    1.34e+05      0.60
     1536     100    9.31e+04      0.73
     2048     100    7.11e+04      0.82
     2560     100    5.81e+04      0.88
     3072     100    4.94e+04      0.91
     3584     100    4.27e+04      0.94
     4096     100    3.80e+04      0.95